6.103338493182280250e-02 -1.569785745334036087e-01 9.857142857142857650e-01
-2.597228451878670907e-01 1.281467701814108517e-01 9.571428571428571841e-01
3.563612624677222063e-01 1.037388676110719693e-01 9.285714285714286031e-01
-2.263047340473243463e-01 -3.725401553494196438e-01 9.000000000000000222e-01
-9.540279234432387512e-02 4.811554344604921929e-01 8.714285714285714413e-01
4.337407063813225050e-01 -3.185291766267654978e-01 8.428571428571428603e-01
-5.770696295712348656e-01 -6.268507108332761757e-02 8.142857142857142794e-01
4.083369027977052368e-01 4.646655087674006479e-01 7.857142857142856984e-01
1.349830325985901247e-02 -6.531098603501986899e-01 7.571428571428571175e-01
-4.730282238832166364e-01 4.954068760920433134e-01 7.285714285714286476e-01
7.125466302263702145e-01 -4.772106194380384969e-02 6.999999999999999556e-01
-5.786705703983124893e-01 -4.629514493165340361e-01 6.714285714285714857e-01
1.178065976287014233e-01 7.568727101915487809e-01 6.428571428571427937e-01
4.371904313741514225e-01 -6.568999832085348212e-01 6.142857142857143238e-01
-7.869097917208923709e-01 1.941951472204853646e-01 5.857142857142856318e-01
7.288858367757073964e-01 3.978910324227861728e-01 5.571428571428571619e-01
-2.746629788796770555e-01 -8.032263024396680828e-01 5.285714285714286920e-01
-3.469081219576609643e-01 7.935078795574803667e-01 4.999999999999998890e-01
8.063241341451721222e-01 -3.572065127287783470e-01 4.714285714285713635e-01
-8.497687345072735265e-01 -2.859556764156205300e-01 4.428571428571427826e-01
4.399853770776045447e-01 7.967309551515201482e-01 4.142857142857143127e-01
2.166814729536125916e-01 -8.968130402010060509e-01 3.857142857142856207e-01
-7.750482110273066993e-01 5.212957415663476146e-01 3.571428571428569843e-01
9.339396125308072616e-01 1.407040030430409538e-01 3.285714285714286254e-01
-5.995595613068622765e-01 -7.419759648705089861e-01 3.000000000000000999e-01
-5.962881759042071989e-02 9.606096682446066959e-01 2.714285714285713524e-01
6.983245036938701134e-01 -6.733225792322541370e-01 2.428571428571428270e-01
-9.764523940695415405e-01 2.494703928168709450e-02 2.142857142857142461e-01
7.412572133113721762e-01 6.450177887434512813e-01 1.857142857142858317e-01
-1.114377935489940380e-01 -9.812684345366008420e-01 1.571428571428572230e-01
-5.830915545643421405e-01 8.021680788655459748e-01 1.285714285714286143e-01
9.750315740819914812e-01 -1.982761446649443648e-01 1.000000000000000056e-01
-8.549987581923070845e-01 -5.136877287548206050e-01 7.142857142857148012e-02
2.839231814873496851e-01 9.578887682399370718e-01 4.285714285714280203e-02
4.380462560406369610e-01 -8.988389154548926951e-01 1.428571428571416557e-02
-9.301586398574315240e-01 3.668798482690485696e-01 -1.428571428571426445e-02
9.329311432787370517e-01 3.574951009548955616e-01 -4.285714285714290611e-02
-4.456991149701691746e-01 -8.923285594995160608e-01 -7.142857142857135522e-02
-2.734390486719835422e-01 9.566771067927571925e-01 -1.000000000000001027e-01
8.450504584482051440e-01 -5.189981796033394934e-01 -1.285714285714285032e-01
-9.696426661240735712e-01 -1.873478648951677761e-01 -1.571428571428573062e-01
5.854701109479180099e-01 7.891355734398654009e-01 -1.857142857142857206e-01
1.007443891999080798e-01 -9.715617328290564458e-01 -2.142857142857141350e-01
-7.255483975857920376e-01 6.438943476409423328e-01 -2.428571428571429103e-01
9.623386600679255665e-01 1.519322055769216015e-02 -2.714285714285712414e-01
-6.931454022289625927e-01 -6.554002222831860625e-01 -2.999999999999999889e-01
6.770917103503980294e-02 9.420489819984301239e-01 -3.285714285714285143e-01
5.799428216580625461e-01 -7.321989505586040670e-01 -3.571428571428573173e-01
-9.109382964805797789e-01 1.463417568603633812e-01 -3.857142857142857317e-01
7.601341560614185422e-01 5.005630946519833424e-01 -4.142857142857144237e-01
-2.190619754517376394e-01 -8.694190025135122291e-01 -4.428571428571426716e-01
-4.187799184382782758e-01 7.761304542109176419e-01 -4.714285714285714746e-01
8.180644034340541770e-01 -2.842017449525683359e-01 -5.000000000000002220e-01
-7.794558260054141874e-01 -3.362452381881071983e-01 -5.285714285714283589e-01
3.400518064032621579e-01 7.575992381837326484e-01 -5.571428571428572729e-01
2.547528602584918644e-01 -7.694411970386829669e-01 -5.857142857142858539e-01
-6.888846881070789241e-01 3.848258667450804027e-01 -6.142857142857143238e-01
7.454305098070678204e-01 1.762613086480594171e-01 -6.428571428571426827e-01
-4.165876181850841631e-01 -6.128934898041147328e-01 -6.714285714285713746e-01
-1.029434237094141447e-01 7.066842657898818603e-01 -6.999999999999998446e-01
5.306645260484834647e-01 -4.331037222919305596e-01 -7.285714285714287586e-01
-6.521840941921821511e-01 -3.729076508029664089e-02 -7.571428571428571175e-01
4.315318441503585012e-01 4.432079971172457333e-01 -7.857142857142856984e-01
-1.765580575377033445e-02 -5.801956980479857640e-01 -8.142857142857141683e-01
-3.512688624644909607e-01 4.076788233371911319e-01 -8.428571428571427493e-01
4.871137388811110913e-01 -5.772737904343210047e-02 -8.714285714285713302e-01
-3.538293746949125462e-01 -2.545678172963095620e-01 -9.000000000000000222e-01
7.573506790852223280e-02 3.633446043767649125e-01 -9.285714285714286031e-01
1.479404399796704350e-01 -2.489802747990888521e-01 -9.571428571428570731e-01
-1.612464097154904796e-01 4.865123115235161361e-02 -9.857142857142857650e-01
