9.278181153586771701e-02 -2.386358963016215196e-01 9.666666666666666741e-01
-3.908985696993425574e-01 1.928686294009685498e-01 9.000000000000000222e-01
5.307398955302399246e-01 1.545015173003342346e-01 8.333333333333333703e-01
-3.333362448467356298e-01 -5.487341524761324418e-01 7.666666666666666075e-01
-1.388952237654652588e-01 7.005056151203510328e-01 6.999999999999999556e-01
6.237494168047944543e-01 -4.580671936785776777e-01 6.333333333333333037e-01
-8.191285673360502173e-01 -8.897909340333115535e-02 5.666666666666666519e-01
5.716716639167872538e-01 6.505317122743609071e-01 4.999999999999998890e-01
1.862248522435614589e-02 -9.010413005330504266e-01 4.333333333333334036e-01
-6.424851332531834602e-01 6.728806796930600909e-01 3.666666666666666963e-01
9.518070092164627738e-01 -6.374493867290557947e-02 3.000000000000000999e-01
-7.593047423753618297e-01 -6.074634670182569307e-01 2.333333333333333925e-01
1.516461890075101737e-01 9.742821231972393914e-01 1.666666666666666852e-01
5.512710443228304724e-01 -8.283116778672240388e-01 1.000000000000000056e-01
-9.703336494404292134e-01 2.394608478488857717e-01 3.333333333333333287e-02
8.772473130270967978e-01 4.788799856703428448e-01 -3.333333333333343002e-02
-3.219340435606978246e-01 -9.414661287569823234e-01 -1.000000000000001027e-01
-3.949722717790732363e-01 9.034484638029444126e-01 -1.666666666666667962e-01
8.890613892882066605e-01 -3.938596217340379346e-01 -2.333333333333334758e-01
-9.041208691285487209e-01 -3.042457132093036587e-01 -2.999999999999999889e-01
4.497531682831297228e-01 8.144185921102503611e-01 -3.666666666666667518e-01
2.116592037564207218e-01 -8.760265998743532734e-01 -4.333333333333332926e-01
-7.186035036537306020e-01 4.833311541133908928e-01 -5.000000000000002220e-01
8.147526530620144980e-01 1.227477218415787552e-01 -5.666666666666665408e-01
-4.863901427400188493e-01 -6.019248440912146059e-01 -6.333333333333333037e-01
-4.424449416319234385e-02 7.127709482970272514e-01 -6.999999999999998446e-01
4.621931028628818439e-01 -4.456453274614283200e-01 -7.666666666666667185e-01
-5.525904806657201407e-01 1.411794011830984352e-02 -8.333333333333332593e-01
3.288268703661286763e-01 2.861343903224797813e-01 -9.000000000000000222e-01
-2.889127980899851289e-02 -2.544029274724525780e-01 -9.666666666666665630e-01
