# 500
2.5 -0.357653791337 0.439775315794
2.5 0.301513686521 0.124289048407
2.5 0.142578417055 -0.414582804476
2.5 -0.387303832101 0.401654074244
2.5 -0.0572527141797 -0.217023821378
2.5 0.158648105468 0.162003934787
2.5 -0.317975434093 0.460104293385
2.5 -0.40954985108 0.4314547928
2.5 -0.075982302338 -0.250020623587
2.5 0.065749065386 -0.118868575114
2.5 -0.0319675451469 -0.461725687102
2.5 -0.221905128278 0.230599420712
2.5 0.232692519464 -0.392073179584
2.5 0.425011783454 -0.0438241589375
2.5 -0.117984577302 0.150862818711
2.5 0.402472456457 0.102606578649
2.5 0.400371598374 0.417690759549
2.5 0.171730014083 0.203481378193
2.5 0.447982918197 -0.302013408839
2.5 -0.381796058684 0.223644233735
2.5 -0.0961187237833 0.157738284498
2.5 -0.0449541599537 0.331269478037
2.5 -0.0668905936776 0.271036299214
2.5 -0.380590737391 0.145412675832
2.5 -0.368303832385 -0.383779080012
2.5 -0.400362609819 -0.222051445673
2.5 0.233934430553 -0.074337815417
2.5 0.256786503188 0.249497510972
2.5 -0.334403244364 -0.215156492906
2.5 -0.394911169911 -0.224219653636
2.5 0.339491802297 -0.417216574877
2.5 0.221511130975 0.365935153334
2.5 0.322711741798 0.496881498127
2.5 -0.476628901764 -0.475629221228
2.5 0.277527000863 0.0308288731026
2.5 0.227853139402 -0.361231930843
2.5 -0.368200376469 -0.237295351991
2.5 0.280325287653 -0.129728260772
2.5 -0.16801943037 -0.296492918608
2.5 -0.160082776109 -0.209208511272
2.5 -0.463865491634 -0.117406562725
2.5 -0.0486370485067 0.25415645572
2.5 -0.34425329403 -0.368465654106
2.5 -0.448086535672 0.0316131544908
2.5 0.0298416466762 -0.162721375696
2.5 0.294829395951 0.204060476455
2.5 0.0360464476209 0.469043016511
2.5 0.141588230817 -0.185944935544
2.5 -0.10391927408 0.495839296336
2.5 0.0144161651498 0.307032345393
2.5 0.129403608727 0.0251027581821
2.5 -0.163928758121 0.498406988884
2.5 0.473843973345 0.318692271836
2.5 0.217802030866 -0.255652009943
2.5 -0.397721486998 -0.0692816979605
2.5 0.0957746222066 0.221565443356
2.5 -0.21368597235 -0.406247932993
2.5 0.0685991389348 0.0871668844563
2.5 -0.250150606337 -0.306115835995
2.5 -0.431671101885 -0.14353703731
2.5 -0.27484132854 -0.168296007921
2.5 0.0303336966136 -0.470383435839
2.5 -0.309873501143 -0.390425742686
2.5 0.167588546265 0.347655975535
2.5 0.171732976582 0.0187399368287
2.5 0.0644145079742 -0.398355654022
2.5 0.0170801871207 0.0203099844247
2.5 0.437042136788 -0.378520439807
2.5 0.0215161707532 0.34515216211
2.5 -0.242932330198 0.413398560155
2.5 -0.378773437235 -0.325537011276
2.5 -0.0958276779117 0.377600830254
2.5 0.302421330393 -0.258231894563
2.5 -0.356714501149 0.0714926815691
2.5 0.040007524024 0.493858468715
2.5 0.340229493099 0.292111594049
2.5 0.0317267967287 0.199210381828
2.5 -0.391648326246 0.0334704692497
2.5 0.445786122728 -0.113107320216
2.5 0.184980360901 -0.0380234578696
2.5 0.319663350256 -0.424324725649
2.5 0.438551761061 0.481527354425
2.5 0.332776031162 -0.183795666078
2.5 -0.41084103031 -0.264149240142
2.5 0.420661200913 -0.439042672501
2.5 -0.30576125535 0.216058112831
2.5 0.484886718916 -0.15930957253
2.5 -0.12993660749 0.194690269101
2.5 0.462144183768 -0.133282808366
2.5 0.135149596264 0.332220236842
2.5 0.14030434364 0.296856975602
2.5 0.343806767645 -0.386912221766
2.5 -0.467063913184 0.386915120196
2.5 0.0829603258085 0.389724222154
2.5 -0.239903969151 -0.384297937395
2.5 0.303420435015 -0.286737885294
2.5 0.404146532801 0.288974127561
2.5 0.236620664088 -0.462031274952
2.5 0.46993392284 0.369245214151
2.5 -0.0770714710679 -0.164022179668
2.5 0.307011774382 0.216487355844
2.5 0.261691526558 0.427084576878
2.5 -0.438492152703 0.192021460746
2.5 -0.368370077278 -0.411522551183
2.5 0.167941141893 -0.0816753406588
2.5 -0.365003861211 0.0420109726617
2.5 0.27080681554 0.214760850532
2.5 0.340910668117 -0.101050311478
2.5 -0.491043317802 0.0913808336548
2.5 -0.262239867726 0.0310738954835
2.5 0.468883287295 -0.121688798316
2.5 0.313739874587 -0.419879949628
2.5 0.00492435136022 0.491973126901
2.5 0.29823447515 0.194330776619
2.5 0.0554987559087 0.0289919420344
2.5 -0.207358318973 -0.358332850263
2.5 0.249109427974 -0.0540064519484
2.5 0.335805919395 0.136071752407
2.5 -0.379360339387 0.302470264112
2.5 0.11256740912 -0.414412368724
2.5 -0.335785970133 -0.130048457052
2.5 -0.0620032545201 0.233446110103
2.5 -0.176915855417 0.332035935185
2.5 0.185747557192 0.169679794462
2.5 0.284454563021 0.467841359461
2.5 0.316726771756 -0.00936595859187
2.5 0.142011057287 -0.274520266776
2.5 0.2401321879 -0.373581336027
2.5 -0.351936818244 -0.188714524012
2.5 -0.316651135589 -0.235573489246
2.5 0.252929137288 -0.0691469478515
2.5 0.353080485727 -0.392704784057
2.5 0.37330442735 0.407014156232
2.5 -0.0755122133892 -0.097669721888
2.5 0.117652559102 0.415639133832
2.5 0.199385357889 0.484199686993
2.5 0.0737000331267 -0.474942814273
2.5 0.270360141887 0.496408955315
2.5 -0.138741341737 0.140913475539
2.5 0.0786094315102 -0.407965526442
2.5 -0.152212116477 0.411996768639
2.5 0.0680166789366 0.187224088487
2.5 -0.497538244073 -0.214257274443
2.5 -0.218019419755 -0.360105266847
2.5 -0.102545075465 -0.382773810729
2.5 -0.0425342145028 0.130790806877
2.5 -0.328659716758 -0.119235667007
2.5 0.2464854963 0.0538213807664
2.5 0.478202417117 -0.0766153033442
2.5 0.427508937001 0.147184310566
2.5 -0.18564088194 -0.188946301957
2.5 0.336592539769 -0.0826097428174
2.5 -0.200344184906 0.122656519769
2.5 -0.12210646452 -0.0244019432676
2.5 -0.268842407204 0.368751457684
2.5 -0.118003796144 -0.218837370872
2.5 0.0786311164243 0.15650266382
2.5 -0.0546737013399 0.346657338776
2.5 -0.496573555623 -0.317362630908
2.5 -0.0112729564809 -0.138088069989
2.5 -0.0943411224172 0.439395627411
2.5 -0.268146880239 0.34775482194
2.5 0.290992548699 -0.0791391969539
2.5 0.0822067499313 0.28218468062
2.5 -0.357801963595 -0.30989175125
2.5 0.00990409798767 0.293017746755
2.5 -0.340865418289 -0.14266873245
2.5 -0.0871658631459 0.00959025495142
2.5 -0.240302356252 -0.411328554308
2.5 0.0662511440217 -0.0204257529345
2.5 -0.345216499529 0.476707810695
2.5 0.461868633996 -0.42114228851
2.5 -0.0482406638019 -0.469097733547
2.5 -0.0934176691772 -0.248430855233
2.5 -0.106961046196 0.164810604787
2.5 -0.163852341496 -0.468070227711
2.5 -0.303597821241 -0.218300366317
2.5 0.0160470119093 -0.155581762699
2.5 0.19695453575 0.392738050235
2.5 -0.0930157636031 0.255543023262
2.5 -0.122238503572 -0.423199915441
2.5 0.452953377575 -0.315295901557
2.5 -0.00723013643361 0.26003172265
2.5 0.466079591133 -0.094879796932
2.5 0.0454866006982 -0.376018120556
2.5 -0.128207752961 0.340030916981
2.5 0.10468659075 0.401626163838
2.5 0.0845398519328 -0.208766886658
2.5 -0.221248113394 -0.400064748267
2.5 0.298854911077 0.234127851661
2.5 0.236744088679 0.0535889815597
2.5 -0.269479323437 -0.28273512456
2.5 0.307765675508 0.152568431928
2.5 0.14703833236 -0.180250941893
2.5 0.343136359384 0.158815859168
2.5 0.0779051378586 0.404656473527
2.5 -0.403934339852 -0.47011001448
2.5 0.20225986902 -0.392668419252
2.5 -0.346849528946 0.0897095418307
2.5 0.331925146152 -0.0629465818803
2.5 0.0221736357799 -0.247987884439
2.5 -0.198782707877 -0.172603160073
2.5 0.131199721947 -0.171834632081
2.5 -0.147876952143 -0.392896666758
2.5 0.172052214433 -0.330827482828
2.5 -0.208091862551 -0.348902127103
2.5 -0.152915307895 0.253923245719
2.5 0.0964477933421 -0.498338600413
2.5 -0.492497433223 0.239251427914
2.5 -0.167388909108 0.0360877348852
2.5 0.11553536239 -0.393939508334
2.5 -0.311580999647 -0.383470403489
2.5 -0.359314848416 -0.239420482886
2.5 -0.411346740863 -0.342680321377
2.5 -0.251336512052 0.0187204443967
2.5 0.172153297868 -0.230200637288
2.5 0.0276454428748 -0.0494087970031
2.5 -0.0643213616847 -0.443053977741
2.5 -0.25962733525 -0.430202128065
2.5 0.277435724939 0.128240344443
2.5 -0.281141808424 -0.406464804568
2.5 0.209052166884 0.496343639967
2.5 0.452948112332 -0.0861313411161
2.5 0.164785659714 -0.0338270879551
2.5 -0.0603758181424 -0.241926842892
2.5 0.0430381238858 -0.33385399408
2.5 0.434453517746 -0.368336773308
2.5 0.232295387994 0.401585165347
2.5 0.209280939784 0.172744034375
2.5 -0.283678189398 0.00586263419577
2.5 0.460092813983 0.0524351418488
2.5 -0.217515688304 -0.175516361519
2.5 0.0838506738701 -0.30125065274
2.5 0.41017918895 -0.0931689709105
2.5 -0.384298446125 0.265090541841
2.5 0.256120256976 0.102108205265
2.5 0.271441630445 0.0951160856252
2.5 -0.287789048668 0.234792102033
2.5 0.0345767620878 0.181466866404
2.5 0.27886357332 -0.194722034423
2.5 -0.120167072426 -0.429245341649
2.5 -0.206669953998 0.00403251187252
2.5 -0.0926676096798 -0.221568584143
2.5 0.26303556791 -0.286170731212
2.5 0.00269026966827 -0.278715835908
2.5 0.479272152305 -0.0525061546925
2.5 -0.237786155177 -0.196779898286
2.5 -0.0682949095528 0.369775628954
2.5 -0.467064681076 0.299823618832
2.5 0.397619985905 0.246211353925
2.5 -0.347871011528 -0.0832818731793
2.5 -0.219069482828 0.293533664108
2.5 0.275786982481 -0.170449183343
2.5 -0.192999773917 -0.187561741352
2.5 0.0715993572798 -0.0800116766346
2.5 -0.248380165231 0.00611955307571
2.5 -0.00359584584688 -0.0734594245203
2.5 0.00485185647436 0.107616874294
2.5 -0.208348921958 -0.383456698174
2.5 -0.309330548326 0.246180665444
2.5 -0.231718424689 -0.0785212421668
2.5 0.122909557531 -0.202482371175
2.5 0.131185137041 -0.415516207359
2.5 0.260434430825 0.233390825087
2.5 0.0467431794775 -0.0185464592334
2.5 0.494423635792 -0.321588738517
2.5 -0.160259434965 -0.135908257553
2.5 0.283657140556 -0.193459555794
2.5 0.49411631294 -0.457476302898
2.5 0.293089251832 -0.0592333485238
2.5 -0.46298793916 0.454218710194
2.5 0.0106141977756 0.302168010258
2.5 -0.330683071924 -0.369341753843
2.5 -0.349865138871 0.461808439506
2.5 -0.166256461027 -0.278371706332
2.5 0.122724079545 -0.355751712641
2.5 -0.000426639499025 0.326641967637
2.5 0.27508854705 -0.0129654560463
2.5 0.418729974295 -0.358537429759
2.5 -0.0225329239728 0.16974496167
2.5 -0.0346085540942 0.32435603415
2.5 -0.12749786906 -0.175812154741
2.5 0.249384757232 0.130709299079
2.5 -0.258642447229 0.0400508255631
2.5 0.313330030641 0.477188936045
2.5 -0.464965346317 -0.180016827986
2.5 0.491764568617 0.0926688668147
2.5 -0.0553766908297 0.211471891706
2.5 0.473044217353 -0.0561013266608
2.5 0.259099798995 -0.388931650361
2.5 0.262083857966 0.407772240482
2.5 -0.360649540427 -0.472746616922
2.5 -0.0544516924089 0.443536258195
2.5 0.371123978402 -0.424833671322
2.5 -0.260195164876 0.287458528244
2.5 0.159492419089 0.342353253523
2.5 -0.179900695063 -0.352324482643
2.5 -0.473784296899 0.00782822035891
2.5 -0.14005791476 -0.0472047977061
2.5 -0.0969726641669 -0.262493716478
2.5 0.269526586556 0.297233002466
2.5 -0.0662434711343 -0.217194701514
2.5 -0.167960803135 0.0268773610395
2.5 0.280880392805 -0.247300672136
2.5 0.470256357872 0.165853982976
2.5 -0.355751465768 -0.229082972357
2.5 -0.232050130592 0.0674939780425
2.5 -0.104000289395 0.0422555653374
2.5 -0.0324464263863 -0.153146755531
2.5 0.350782967747 0.0899364582767
2.5 -0.376146014345 0.0142099307783
2.5 0.156867767064 -0.316998496242
2.5 -0.0248011500017 -0.458382516909
2.5 0.017267382463 0.24663495953
2.5 -0.280227166896 -0.0764023851283
2.5 0.225215823152 -0.440127583736
2.5 0.261226504918 -0.369034075322
2.5 0.369798620084 0.226372214453
2.5 0.127201066861 -0.144163541641
2.5 -0.439204409542 0.432219495958
2.5 0.441994016268 -0.0384319998801
2.5 -0.330304624345 0.32691060382
2.5 -0.448488332586 0.152469349219
2.5 -0.190983715748 0.320287255727
2.5 -0.199360843563 0.0709637274037
2.5 -0.232762115047 -0.125431012523
2.5 -0.477225031106 -0.111226772553
2.5 0.215054622002 -0.21440849253
2.5 0.415459058591 0.0720580799064
2.5 0.0159005990111 -0.473026330255
2.5 0.455035570018 0.100134721811
2.5 -0.0807830387546 0.456220348169
2.5 -0.0977426344413 0.0828700708418
2.5 -0.167929989766 -0.220992508961
2.5 0.17713239897 0.270616489894
2.5 -0.489035337823 -0.411092284415
2.5 -0.0779603533496 0.157922656888
2.5 -0.340842208586 -0.0460402672377
2.5 0.225697117011 0.420417103798
2.5 0.334252581642 -0.0081279801626
2.5 -0.25683724278 -0.195541273457
2.5 -0.236451180362 -0.36790226367
2.5 0.231155507595 0.367805726108
2.5 0.473162475348 -0.175249556281
2.5 0.302256284727 -0.417314933195
2.5 -0.359311190919 0.404230864415
2.5 0.195207921824 0.373472251217
2.5 -0.294129379424 0.0197757222844
2.5 -0.00148714251642 -0.173020753389
2.5 -0.0664429504152 -0.161160563224
2.5 -0.28271053557 -0.486342937563
2.5 0.394980101494 0.475545825542
2.5 -0.121034239835 -0.0445317055077
2.5 0.29040813261 0.331158631922
2.5 -0.269981284694 -0.128064770593
2.5 -0.466073919705 0.162173575059
2.5 0.00224257803786 0.0144788380934
2.5 0.205032648929 -0.292702520902
2.5 0.0436483222695 0.231183866555
2.5 0.0935414172557 0.439893833223
2.5 -0.32879349579 0.43118878759
2.5 -0.124412537935 0.419906554757
2.5 0.074708620185 0.397637635407
2.5 -0.214144575131 -0.287592835977
2.5 0.38342859545 0.101175132873
2.5 0.134736129419 -0.420911753801
2.5 -0.101303134622 0.43055112677
2.5 0.345108599774 0.344759733313
2.5 -0.0846370874505 -0.175246188332
2.5 0.167458912044 0.00823147322049
2.5 -0.128525013338 0.097410569446
2.5 -0.101535483293 0.222556271194
2.5 0.278166917136 -0.054023144088
2.5 0.394580801022 -0.448977193495
2.5 -0.35237886394 0.316185553225
2.5 0.0651738960357 -0.134398505376
2.5 0.206442804488 -0.0321470369568
2.5 -0.308203673618 0.215431943727
2.5 -0.206708454241 0.29395980797
2.5 0.342286814138 0.349282273792
2.5 0.101653292957 -0.111801269523
2.5 -0.16052449688 -0.0623524875889
2.5 -0.291049832362 0.432979930781
2.5 0.354145323607 -0.394598008074
2.5 -0.18044148452 -0.0355128982701
2.5 0.365814654482 0.0172936680542
2.5 -0.439791924528 0.0394031243418
2.5 -0.123997529935 0.0214621143241
2.5 -0.185869453824 0.10029181318
2.5 -0.248775903852 -0.341489798967
2.5 -0.157953916766 -0.123138510866
2.5 -0.130268967349 0.442876968445
2.5 0.0471913134809 -0.010514906221
2.5 -0.121572199746 0.193508124397
2.5 -0.386096641935 -0.341937918456
2.5 0.420418750708 0.261137800112
2.5 0.0483053475769 -0.0128979606105
2.5 -0.328977152013 0.131581687005
2.5 -0.173289053057 0.00452288894848
2.5 -0.0166153419803 0.22490355
2.5 0.24638474147 0.392256298309
2.5 -0.04641656583 -0.181195894625
2.5 0.0358417342985 -0.248752046717
2.5 0.251632556212 0.416517351793
2.5 -0.0410593384083 0.291502959518
2.5 0.353163405002 -0.351389950923
2.5 -0.0430453490004 -0.240433799179
2.5 0.301349988056 0.439059617944
2.5 -0.131329123667 0.489439318501
2.5 0.168663094621 0.256447444569
2.5 -0.342245565313 -0.209490040044
2.5 -0.305397557079 -0.213158100157
2.5 -0.14759573573 -0.0815918244565
2.5 0.296892214724 -0.153091610079
2.5 0.461640255022 0.0757529243478
2.5 0.494009924233 -0.356596759284
2.5 -0.462514053762 -0.115872971484
2.5 -0.341029507279 -0.150196536924
2.5 -0.313162832416 0.202284889826
2.5 0.166746215173 -0.0593203746442
2.5 0.0963292440639 -0.0214416432988
2.5 0.339678431054 -0.223882475811
2.5 -0.0121631095253 0.233924580683
2.5 0.0292591105274 -0.419325288896
2.5 0.137865026267 0.498174745242
2.5 -0.371934330712 0.0765662967091
2.5 -0.0795919885891 0.375122129255
2.5 -0.117779026976 -0.454255493392
2.5 -0.150976112761 -0.469962048565
2.5 0.244066639237 0.00913445955131
2.5 -0.220288961249 -0.456989744101
2.5 -0.379217410239 -0.08649131491
2.5 0.369156885399 0.401830585383
2.5 0.0247392948378 0.187010406152
2.5 0.440758212338 0.377347521542
2.5 -0.259759817111 0.138084095544
2.5 -0.161976774273 -0.285984395828
2.5 -0.157447785852 0.189311080621
2.5 -0.396687300722 -0.424390547539
2.5 -0.0746942693199 0.40194993402
2.5 -0.0494292302097 0.333845321276
2.5 -0.351742477875 0.295248417428
2.5 -0.230584598893 0.1862756727
2.5 -0.447525297336 -0.171971711303
2.5 0.314404168105 0.269800342576
2.5 0.351503372444 0.493296352998
2.5 -0.150236112572 0.0592512405684
2.5 0.00889063607484 -0.0565581309144
2.5 0.491844067505 -0.268663767218
2.5 -0.336171799306 0.0925588525397
2.5 0.417016681661 0.494450510737
2.5 -0.110719415418 -0.000442381955737
2.5 -0.341791195138 -0.267057829108
2.5 0.106516211748 0.496536465842
2.5 -0.248623416333 0.184733130859
2.5 0.431842325966 -0.352454030212
2.5 -0.434968252619 -0.299578973164
2.5 -0.427630349989 -0.466363397549
2.5 0.19680738855 -0.128268087176
2.5 0.312420979886 -0.478015759164
2.5 0.430656372209 -0.448471584609
2.5 0.391534666829 -0.14029848823
2.5 0.0505663766618 0.0608787789042
2.5 0.389133364368 0.240480466917
2.5 -0.213547228679 0.0578619646893
2.5 -0.18211503644 -0.290262029584
2.5 0.068421113463 0.201454388817
2.5 -0.0897466787059 -0.357008142574
2.5 0.353478567238 0.458682417772
2.5 -0.265209124252 -0.162804841659
2.5 -0.441234824567 -0.158078427964
2.5 -0.494413793939 0.241685785795
2.5 -0.211391118725 -0.051157688438
2.5 0.434330484612 0.197800699844
2.5 0.487509930852 -0.478433991647
2.5 -0.143464424763 -0.422097606228
2.5 0.411420055281 0.480971365764
2.5 0.23607768039 0.310617859248
2.5 0.270048623472 -0.489560946546
2.5 -0.421697609944 0.436723888881
2.5 -0.336806807372 0.0807188223659
2.5 0.420051591069 -0.486411830773
2.5 0.404918372527 0.457288310412
2.5 0.462899886219 -0.155048557848
2.5 -0.436890209562 -0.17893359094
2.5 -0.366892959518 -0.326327006981
2.5 0.337052173441 -0.398079483787
2.5 -0.258440743764 -0.433612831237
2.5 0.050184454537 -0.461441296399
2.5 0.272398855095 -0.481779085855
2.5 0.0585845304631 0.172659128162
2.5 0.22902616474 -0.30476294604
2.5 0.253655539734 -0.375319194727
2.5 0.316372970761 0.135962557757
2.5 0.38360448269 0.310742005198
2.5 0.157208728651 -0.262988046763
2.5 0.0213455277922 -0.462291028925
2.5 -0.399262693684 -0.042354893528
2.5 0.101907315886 0.161205725244
2.5 -0.302836902401 0.129340866928