7.211169263059397094e-02 -1.854721105340389753e-01 9.799999999999999822e-01
-3.059593791812400543e-01 1.509597903119578588e-01 9.399999999999999467e-01
4.185173270095014497e-01 1.218328649947211517e-01 9.000000000000000222e-01
-2.649337754653410260e-01 -4.361308228246202345e-01 8.599999999999999867e-01
-1.113202493018536909e-01 5.614337023152181638e-01 8.200000000000000622e-01
5.043805910800920334e-01 -3.704054796323845156e-01 7.800000000000000266e-01
-6.686733582211081828e-01 -7.263566620679934305e-02 7.399999999999999911e-01
4.714125307003028120e-01 5.364421925042212047e-01 6.999999999999999556e-01
1.552364516293977190e-02 -7.511051966541406610e-01 6.599999999999999201e-01
-5.418323291753208704e-01 5.674660580690678024e-01 6.199999999999999956e-01
8.127956884388980452e-01 -5.443499660271620272e-02 5.800000000000000711e-01
-6.572216528592730311e-01 -5.257943504954433189e-01 5.400000000000000355e-01
1.331923742233166175e-01 8.557217955905739304e-01 4.999999999999998890e-01
4.919499175678306857e-01 -7.391787866308154875e-01 4.600000000000000200e-01
-8.810908070809968518e-01 2.174373235609690924e-01 4.200000000000000955e-01
8.118930868467632012e-01 4.432038081181549072e-01 3.800000000000000044e-01
-3.042801867363667534e-01 -8.898390685734594019e-01 3.400000000000000799e-01
-3.821241910216696680e-01 8.740601252980453317e-01 3.000000000000000999e-01
8.828549511811190076e-01 -3.911101317723488791e-01 2.599999999999999534e-01
-9.245555593808564288e-01 -3.111221908156850957e-01 2.200000000000000289e-01
4.755264594423824764e-01 8.610891860720306656e-01 1.800000000000001321e-01
2.325419851192136178e-01 -9.624573887486216339e-01 1.399999999999999856e-01
-8.256125689521151001e-01 5.553052187655802552e-01 1.000000000000000056e-01
9.870594081806813858e-01 1.487068415440356284e-01 6.000000000000001166e-02
-6.283834824175645872e-01 -7.776465771960771045e-01 1.999999999999996919e-02
-6.194229182846926890e-02 9.978793276158378633e-01 -2.000000000000006981e-02
7.185791632034898013e-01 -6.928520666129043271e-01 -6.000000000000010880e-02
-9.946628651982958313e-01 2.541229221295771001e-02 -1.000000000000001027e-01
7.469510633782371345e-01 6.499723908891213986e-01 -1.399999999999998745e-01
-1.109966723972713731e-01 -9.773841305836373783e-01 -1.799999999999999933e-01
-5.735661922134175361e-01 7.890638904105300444e-01 -2.199999999999998901e-01
9.462419866326963191e-01 -1.924216794787118323e-01 -2.600000000000000644e-01
-8.177054834809622808e-01 -4.912817341253038483e-01 -2.999999999999999889e-01
2.672541319113140856e-01 9.016513899375576679e-01 -3.400000000000001354e-01
4.052282191785315235e-01 -8.314987013708416974e-01 -3.799999999999998934e-01
-8.442275366148278559e-01 3.329862856353987821e-01 -4.199999999999999845e-01
8.291290036801048924e-01 3.177185787083228741e-01 -4.599999999999999090e-01
-3.869752000237902112e-01 -7.747581523072520904e-01 -5.000000000000002220e-01
-2.313035047774142094e-01 8.092581100475203515e-01 -5.400000000000001465e-01
6.941533233411121273e-01 -4.263228397523280422e-01 -5.800000000000001821e-01
-7.703543643621379999e-01 -1.488427133191488894e-01 -6.199999999999999956e-01
4.476306308816828672e-01 6.033463501973528320e-01 -6.599999999999999201e-01
7.365685791495579782e-02 -7.103341940819801748e-01 -6.999999999999998446e-01
-5.030697044627685521e-01 4.464536621551477569e-01 -7.399999999999998801e-01
6.257015391373029756e-01 9.878457430702718492e-03 -7.799999999999999156e-01
-4.158872413373774779e-01 -3.932401333699115376e-01 -8.200000000000000622e-01
3.658268887076122911e-02 5.089810476579504916e-01 -8.600000000000000977e-01
2.706399834404292215e-01 -3.416928435940153053e-01 -9.000000000000000222e-01
-3.368553084720793955e-01 5.411562763361621453e-02 -9.400000000000000577e-01
1.661982149689855137e-01 1.094447501761636882e-01 -9.799999999999999822e-01
