4.668483208176740784e-02 -1.200739300419509797e-01 9.916666666666666963e-01
-1.992695018822892294e-01 9.831920270010516272e-02 9.749999999999999778e-01
2.742674885164172460e-01 7.984088529769113596e-02 9.583333333333333703e-01
-1.747280270214910947e-01 -2.876351951032175003e-01 9.416666666666666519e-01
-7.390064388286408936e-02 3.727112754313960941e-01 9.250000000000000444e-01
3.371086236153771898e-01 -2.475648025057308188e-01 9.083333333333333259e-01
-4.500451446481956719e-01 -4.888684213712577581e-02 8.916666666666666075e-01
3.195741753320874845e-01 3.636582825412012498e-01 8.750000000000000000e-01
1.060219653995995298e-02 -5.129829259511634598e-01 8.583333333333333925e-01
-3.729128081037051401e-01 3.905550662511387827e-01 8.416666666666666741e-01
5.638695743217809753e-01 -3.776378098355109847e-02 8.249999999999999556e-01
-4.597112436805055324e-01 -3.677809057794396153e-01 8.083333333333333481e-01
9.396296599219122747e-02 6.036843959477826704e-01 7.916666666666666297e-01
3.501370126783136527e-01 -5.260979683981932276e-01 7.750000000000000222e-01
-6.328801604424063587e-01 1.561834116478112156e-01 7.583333333333333037e-01
5.887571569163276841e-01 3.213962752356632202e-01 7.416666666666666963e-01
-2.228487507105832710e-01 -6.517004176051540698e-01 7.249999999999999778e-01
-2.827571156144264020e-01 6.467706722311231671e-01 7.083333333333332593e-01
6.603221406812517236e-01 -2.925267385186376967e-01 6.916666666666666519e-01
-6.992860809781930032e-01 -2.353167587533028793e-01 6.750000000000000444e-01
3.638848527556572399e-01 6.589271857779249730e-01 6.583333333333333259e-01
1.801299046292702544e-01 -7.455314254591411949e-01 6.416666666666666075e-01
-6.477404447879001603e-01 4.356688147962546886e-01 6.250000000000000000e-01
7.848248945276101729e-01 1.182389127372242554e-01 6.083333333333333925e-01
-5.066932450857857262e-01 -6.270506446372505760e-01 5.916666666666666741e-01
-5.068843589696517965e-02 8.165817059341454742e-01 5.749999999999999556e-01
5.972212502084539576e-01 -5.758390983498256066e-01 5.583333333333333481e-01
-8.403191675982309983e-01 2.146901928916227636e-02 5.416666666666667407e-01
6.420549894266139868e-01 5.586952573204739814e-01 5.250000000000000222e-01
-9.717310419726919724e-02 -8.556603356723325726e-01 5.083333333333333037e-01
-5.119959374777340866e-01 7.043607377581355689e-01 4.916666666666665853e-01
8.623364508954253216e-01 -1.753591898278548389e-01 4.750000000000000888e-01
-7.618521027657344513e-01 -4.577247306700655827e-01 4.583333333333334814e-01
2.549642373901329084e-01 8.601882312654733909e-01 4.416666666666667074e-01
3.965570248137166298e-01 -8.137060440176744347e-01 4.249999999999999889e-01
-8.491660553462120342e-01 3.349341716466728847e-01 4.083333333333332704e-01
8.591860542088717301e-01 3.292363079540465143e-01 3.916666666666668295e-01
-4.142322038734204681e-01 -8.293290548836264042e-01 3.749999999999998890e-01
-2.565670353156042638e-01 8.976472462006350739e-01 3.583333333333333370e-01
8.008431333596068846e-01 -4.918477047213454245e-01 3.416666666666666741e-01
-9.285409624419941332e-01 -1.794064688557673037e-01 3.249999999999999001e-01
5.668053240777898294e-01 7.639779317183366114e-01 3.083333333333334036e-01
9.865569637276572212e-02 -9.514187349052783960e-01 2.916666666666666297e-01
-7.191027703112230496e-01 6.381741186625514706e-01 2.750000000000000777e-01
9.659354668909685415e-01 1.525000626280146980e-02 2.583333333333334147e-01
-7.050764918414949012e-01 -6.666816053219951632e-01 2.416666666666666685e-01
6.985122536470082799e-02 9.718517409127021001e-01 2.249999999999999778e-01
6.072670475945267654e-01 -7.666967817384189310e-01 2.083333333333333703e-01
-9.690351830818509926e-01 1.556749910499840295e-01 1.916666666666665686e-01
8.222893578319999675e-01 5.414935013425712373e-01 1.749999999999999334e-01
-2.412453162395877260e-01 -9.574608362476330070e-01 1.583333333333334092e-01
-4.700694893532144647e-01 8.711861056828005268e-01 1.416666666666667462e-01
9.372105130213616020e-01 -3.255940022209196649e-01 1.249999999999998890e-01
-9.128031960251294930e-01 -3.937692398032101027e-01 1.083333333333333787e-01
4.077713238035634569e-01 9.084711166050969400e-01 9.166666666666670182e-02
3.134236175481064923e-01 -9.466470493077440151e-01 7.499999999999988620e-02
-8.715319326096470087e-01 4.868565627203930157e-01 5.833333333333344528e-02
9.723194205847072169e-01 2.299104896317438196e-01 4.166666666666666435e-02
-5.619682627156983301e-01 -8.267809091290752033e-01 2.499999999999993894e-02
-1.441446207197033536e-01 9.895215429050184808e-01 8.333333333333400872e-03
7.746999554561837531e-01 -6.322740976599802165e-01 -8.333333333333277707e-03
-9.980572803114764469e-01 -5.706719913627292945e-02 -2.499999999999981751e-02
6.970002499888577896e-01 7.158593021008796686e-01 -4.166666666666676150e-02
-3.036490185212657386e-02 -9.978352544171472660e-01 -5.833333333333332732e-02
-6.509109762964341295e-01 7.554402034157454704e-01 -7.499999999999999722e-02
9.888699213983754843e-01 -1.171900199496231365e-01 -9.166666666666657692e-02
-8.069628613035715325e-01 -5.805814579933135100e-01 -1.083333333333334758e-01
2.024526475144973747e-01 9.712815891976799287e-01 -1.249999999999999861e-01
5.056635914966759460e-01 -8.510199103371426377e-01 -1.416666666666666352e-01
-9.452953778292396692e-01 2.852143127723965055e-01 -1.583333333333334925e-01
8.871523582590947754e-01 4.270078374401654053e-01 -1.750000000000000444e-01
-3.645642885338824524e-01 -9.112391389831062671e-01 -1.916666666666666519e-01
-3.455129587846475503e-01 9.149961844369083330e-01 -2.083333333333332593e-01
8.695403647180552920e-01 -4.396300195914645270e-01 -2.250000000000000611e-01
-9.342870529607982810e-01 -2.621162430908255403e-01 -2.416666666666667518e-01
5.095871621054349765e-01 8.207221290462552998e-01 -2.583333333333332482e-01
1.777833716128330577e-01 -9.448640498918208230e-01 -2.749999999999999667e-01
-7.653981208596536412e-01 5.736691312421008382e-01 -2.916666666666666852e-01
9.466724192872416621e-01 9.349805407812769587e-02 -3.083333333333332926e-01
-6.311760569684531363e-01 -7.042668422620477209e-01 -3.250000000000000111e-01
-1.025155677098743556e-02 9.397652869055443947e-01 -3.416666666666665630e-01
6.381050634914477993e-01 -6.814830520040813244e-01 -3.583333333333334481e-01
-9.243043763165220694e-01 7.096773860089516939e-02 -3.750000000000000000e-01
7.240477001699017201e-01 5.677606450793313275e-01 -3.916666666666667185e-01
-1.491845957836253622e-01 -9.005597399782898638e-01 -4.083333333333333814e-01
-4.941448610332292990e-01 7.584166772391351952e-01 -4.249999999999998779e-01
8.689085484311174223e-01 -2.234468393575618494e-01 -4.416666666666665964e-01
-7.842314191042123461e-01 -4.182243857612192306e-01 -4.583333333333331483e-01
2.928347372430203932e-01 8.298330052870945828e-01 -4.750000000000001443e-01
3.410131456007229889e-01 -8.012327523362914317e-01 -4.916666666666666963e-01
-7.839174860863509231e-01 3.564696301654295962e-01 -5.083333333333331927e-01
8.092643978740398092e-01 2.635642888055358402e-01 -5.249999999999999112e-01
-4.135215373390877525e-01 -7.318450385012795767e-01 -5.416666666666668517e-01
-1.869626051589260707e-01 8.082752459163131675e-01 -5.583333333333332371e-01
6.743934350843104886e-01 -4.632153869585766692e-01 -5.749999999999998446e-01
-7.983202724279262474e-01 -1.123178444689776900e-01 -5.916666666666664520e-01
5.048353874188850066e-01 6.124310468658329398e-01 -6.083333333333332815e-01
4.075957152122323263e-02 -7.795599125977465960e-01 -6.250000000000000000e-01
-5.469129227550543204e-01 5.377268301028069741e-01 -6.416666666666666075e-01
7.522576000834273469e-01 -2.656549150579055538e-02 -6.583333333333335480e-01
-5.612942191667964487e-01 -4.788776456778248147e-01 -6.750000000000000444e-01
8.849213864656473028e-02 7.167749741864454238e-01 -6.916666666666665408e-01
4.094458492770673419e-01 -5.749939003143166305e-01 -7.083333333333331483e-01
-6.735638458769458436e-01 1.438288758471594764e-01 -7.250000000000001998e-01
5.783179705640751900e-01 3.398218363763650940e-01 -7.416666666666666963e-01
-1.913392141892376608e-01 -6.231531598804589400e-01 -7.583333333333331927e-01
-2.713007987767638851e-01 5.707634155962432176e-01 -7.750000000000000222e-01
5.661273081992748146e-01 -2.297036347120610389e-01 -7.916666666666668517e-01
-5.517741887605045470e-01 -2.052863045600207825e-01 -8.083333333333332371e-01
2.574447714835653711e-01 5.030876560161012812e-01 -8.249999999999998446e-01
1.433275868140733988e-01 -5.206288746124985156e-01 -8.416666666666665630e-01
-4.345771953933456611e-01 2.727756406516950727e-01 -8.583333333333333925e-01
4.762052278358084867e-01 8.719851479151329021e-02 -8.750000000000000000e-01
-2.732644655345251583e-01 -3.609114675812977180e-01 -8.916666666666664964e-01
-3.907720093094917135e-02 4.164174923354658220e-01 -9.083333333333333259e-01
2.817184745032572657e-01 -2.549700004383995688e-01 -9.250000000000000444e-01
-3.365408900715069485e-01 -2.029334562544748023e-03 -9.416666666666666519e-01
2.094637727849041342e-01 1.942219094565191539e-01 -9.583333333333332593e-01
-1.809133175882277761e-02 -2.214671617084392752e-01 -9.750000000000000888e-01
-7.900037169430453032e-02 1.017652371607512124e-01 -9.916666666666666963e-01
