4.177365077403131371e-02 -1.074423147083971158e-01 9.933333333333332904e-01
-1.784575284132935702e-01 8.805061358456595100e-02 9.799999999999999822e-01
2.458336863205732581e-01 7.156363759335840347e-02 9.666666666666666741e-01
-1.567503104595816543e-01 -2.580404924161714963e-01 9.533333333333333659e-01
-6.635577316842530826e-02 3.346593960539889223e-01 9.399999999999999467e-01
3.029640024480431126e-01 -2.224897797867377847e-01 9.266666666666666385e-01
-4.048313039994901330e-01 -4.397541954654480417e-02 9.133333333333333304e-01
2.877350942604990913e-01 3.274271148376408092e-01 9.000000000000000222e-01
9.554910512940608183e-03 -4.623104215863102495e-01 8.866666666666667140e-01
-3.363987009528476291e-01 3.523135008570145721e-01 8.733333333333332948e-01
5.091534518569597045e-01 -3.409930295684432400e-02 8.599999999999999867e-01
-4.155134923192109198e-01 -3.324215595539022350e-01 8.466666666666666785e-01
8.501465975188657320e-02 5.461941625308955883e-01 8.333333333333333703e-01
3.171170048024967159e-01 -4.764837932869209203e-01 8.200000000000000622e-01
-5.737925251934000714e-01 1.416016487229942722e-01 8.066666666666666430e-01
5.343541459903331514e-01 2.916982497122050932e-01 7.933333333333333348e-01
-2.024746461812207965e-01 -5.921182463442495880e-01 7.800000000000000266e-01
-2.571873101090187408e-01 5.882830184028005061e-01 7.666666666666666075e-01
6.012785370348161518e-01 -2.663700617377263713e-01 7.533333333333332993e-01
-6.374807806692004419e-01 -2.145186571778474049e-01 7.399999999999999911e-01
3.321064487134547383e-01 6.013824592374581446e-01 7.266666666666666829e-01
1.645922016839273805e-01 -6.812231372321353451e-01 7.133333333333333748e-01
-5.925756297006516959e-01 3.985650801122397335e-01 6.999999999999999556e-01
7.188600742733918247e-01 1.083008887523201763e-01 6.866666666666666474e-01
-4.646813888309773710e-01 -5.750595004835032942e-01 6.733333333333333393e-01
-4.654442277965014502e-02 7.498223901085571130e-01 6.599999999999999201e-01
5.491018572724141178e-01 -5.294425111022040831e-01 6.466666666666667229e-01
-7.736266729320079305e-01 1.976511616563377330e-02 6.333333333333333037e-01
5.918883666590315507e-01 5.150419025804635620e-01 6.199999999999999956e-01
-8.970265499068438841e-02 -7.898790978644628646e-01 6.066666666666666874e-01
-4.732917529202566587e-01 6.511147918556499103e-01 5.933333333333332682e-01
7.982782027874695263e-01 -1.623327168330757908e-01 5.800000000000000711e-01
-7.062778143150232335e-01 -4.243354073080425337e-01 5.666666666666666519e-01
2.367141199297688736e-01 7.986167088460502939e-01 5.533333333333333437e-01
3.687258363234023895e-01 -7.565984784729661294e-01 5.400000000000000355e-01
-7.907824114015900019e-01 3.119060756703992410e-01 5.266666666666667274e-01
8.013678208329935160e-01 3.070806158360830929e-01 5.133333333333334192e-01
-3.869752000237903222e-01 -7.747581523072523124e-01 4.999999999999998890e-01
-2.400764011331496250e-01 8.399517112158951804e-01 4.866666666666666363e-01
7.506208817112278719e-01 -4.610030883786077061e-01 4.733333333333333282e-01
-8.717953527011053083e-01 -1.684424620122713934e-01 4.600000000000000200e-01
5.330941892132996518e-01 7.185398209674281889e-01 4.466666666666666008e-01
9.295345447525939220e-02 -8.964272851287705679e-01 4.333333333333334036e-01
-6.787737445613239995e-01 6.023837677877769137e-01 4.200000000000000955e-01
9.134627744629454371e-01 1.442157732983245962e-02 4.066666666666666208e-01
-6.680457890624311723e-01 -6.316674066348861860e-01 3.933333333333333681e-01
6.631175491068481975e-02 9.226064985467343771e-01 3.800000000000000044e-01
5.776471458619456545e-01 -7.293005761913968765e-01 3.666666666666666963e-01
-9.236544621211705275e-01 1.483846021634547818e-01 3.533333333333333326e-01
7.854221213557218695e-01 5.172157105938273158e-01 3.400000000000000799e-01
-2.309234383712072958e-01 -9.164950924580600455e-01 3.266666666666666052e-01
-4.509463540804313775e-01 8.357449419313217609e-01 3.133333333333334081e-01
9.011094828273146229e-01 -3.130522319976164480e-01 3.000000000000000999e-01
-8.796703886111009174e-01 -3.794762569951076192e-01 2.866666666666666252e-01
3.939015628147794490e-01 8.775707650673895133e-01 2.733333333333332615e-01
3.034993413260347883e-01 -9.166723241238731168e-01 2.599999999999999534e-01
-8.460426052447218570e-01 4.726176738826841639e-01 2.466666666666666730e-01
9.463021022422292150e-01 2.237585458647181891e-01 2.333333333333333925e-01
-5.483713611035351265e-01 -8.067768280766722810e-01 2.200000000000000289e-01
-1.410376389506123873e-01 9.681927872526864265e-01 2.066666666666667207e-01
7.601101866381873018e-01 -6.203666064441915040e-01 1.933333333333334125e-01
-9.820625642166604941e-01 -5.615264877276458788e-02 1.800000000000001321e-01
6.878488650370515600e-01 7.064603039728858391e-01 1.666666666666666852e-01
-3.005700465005142416e-02 -9.877173003245187655e-01 1.533333333333333215e-01
-6.463208226407732848e-01 7.501129209798709230e-01 1.399999999999999856e-01
9.850522275151354368e-01 -1.167375887322737588e-01 1.266666666666666774e-01
-8.065102318234601553e-01 -5.802558069676030383e-01 1.133333333333333692e-01
2.030302596654816882e-01 9.740527263244875833e-01 1.000000000000000056e-01
5.088934508168201365e-01 -8.564556874728764813e-01 8.666666666666668351e-02
-9.547942006372460710e-01 2.880802954936425020e-01 7.333333333333340309e-02
8.994337155400802253e-01 4.329191510545197796e-01 6.000000000000001166e-02
-3.710462702861879736e-01 -9.274410426161499021e-01 4.666666666666672431e-02
-3.530680135024182320e-01 9.350036720411023516e-01 3.333333333333333287e-02
8.922446965347790027e-01 -4.511090793871921911e-01 1.999999999999996919e-02
-9.628044636989117055e-01 -2.701168640366730100e-01 6.666666666666722606e-03
5.274807272333710273e-01 8.495408394850182399e-01 -6.666666666666600308e-03
1.848758425578485021e-01 -9.825583559456027016e-01 -2.000000000000006981e-02
-7.997457059146426683e-01 5.994127916219161856e-01 -3.333333333333343002e-02
9.940739289558805369e-01 9.817966180651187258e-02 -4.666666666666659941e-02
-6.662044815636573025e-01 -7.433515916068913487e-01 -6.000000000000010880e-02
-1.087861638849359908e-02 9.972481526318783818e-01 -7.333333333333327819e-02
6.809215809841289158e-01 -7.272102099386139606e-01 -8.666666666666678065e-02
-9.920675603252592234e-01 7.617057010609795675e-02 -1.000000000000001027e-01
7.818466070605869511e-01 6.130835494313999767e-01 -1.133333333333332443e-01
-1.621139703873516746e-01 -9.786085101616500692e-01 -1.266666666666667607e-01
-5.405234996390202440e-01 8.295989069050091480e-01 -1.399999999999998745e-01
9.570365320529256037e-01 -2.461096609338984109e-01 -1.533333333333334048e-01
-8.700266441261927941e-01 -4.639782976958483629e-01 -1.666666666666667962e-01
3.273368216336481340e-01 9.276047677770857813e-01 -1.799999999999999933e-01
3.842278807736067003e-01 -9.027686070408326158e-01 -1.933333333333333015e-01
-8.906515208065524103e-01 4.050046387066006393e-01 -2.066666666666668040e-01
9.275469994343639168e-01 3.020870136902746306e-01 -2.199999999999998901e-01
-4.783609240590698808e-01 -8.465969418140536495e-01 -2.333333333333334758e-01
-2.183966763792390964e-01 9.441707723193181190e-01 -2.466666666666665619e-01
7.959388849264172894e-01 -5.467003671684256272e-01 -2.600000000000000644e-01
-9.525380955913737013e-01 -1.340151683058594667e-01 -2.733333333333333726e-01
6.093723394376908686e-01 7.392479787936236946e-01 -2.866666666666665142e-01
4.980901914399248759e-02 -9.526379488619552971e-01 -2.999999999999999889e-01
-6.771619653641542946e-01 6.657881756883178292e-01 -3.133333333333332971e-01
9.445508205740955621e-01 -3.335620244709500831e-02 -3.266666666666667163e-01
-7.154278630478484446e-01 -6.103793679137498041e-01 -3.400000000000001354e-01
1.146250882904826796e-01 9.284485148299580493e-01 -3.533333333333332216e-01
5.396525583903910572e-01 -7.578460739347147035e-01 -3.666666666666667518e-01
-9.045930762068575826e-01 1.931615036145000186e-01 -3.799999999999998934e-01
7.926774871263420064e-01 4.657803026019421422e-01 -3.933333333333332571e-01
-2.681575180900448996e-01 -8.733348542878667242e-01 -4.066666666666666763e-01
-3.895998703253622519e-01 8.196413490316730721e-01 -4.199999999999999845e-01
8.351097418289228358e-01 -3.388420595567381288e-01 -4.333333333333332926e-01
-8.385452362874451504e-01 -3.119788063130596867e-01 -4.466666666666668783e-01
4.044891951751017345e-01 7.904356336771505287e-01 -4.599999999999999090e-01
2.338064678202191327e-01 -8.492879907080921331e-01 -4.733333333333332171e-01
-7.399081681450916381e-01 4.644259448692874548e-01 -4.866666666666665253e-01
8.518618085453140143e-01 1.559854452886756671e-01 -5.000000000000002220e-01
-5.180395315140747803e-01 -6.841958291874969955e-01 -5.133333333333335302e-01
-7.942299622632940925e-02 8.463534781004061758e-01 -5.266666666666666163e-01
6.240345074489692667e-01 -5.647839706586246233e-01 -5.400000000000001465e-01
-8.329447732672350391e-01 -5.022639646323647129e-03 -5.533333333333332327e-01
6.041858985024881612e-01 5.602216426912031144e-01 -5.666666666666665408e-01
-6.632391776589130483e-02 -8.119120259807605100e-01 -5.800000000000001821e-01
-4.936101019375579990e-01 6.358495284426571859e-01 -5.933333333333331572e-01
7.836249185035002451e-01 -1.337443182192728230e-01 -6.066666666666666874e-01
-6.594606106927120015e-01 -4.251019912265705525e-01 -6.199999999999999956e-01
1.963922947724625057e-01 7.485445580878234972e-01 -6.333333333333333037e-01
3.556426614882747250e-01 -6.747892408387662355e-01 -6.466666666666668339e-01
-7.072209235612589850e-01 2.534532802651408567e-01 -6.599999999999999201e-01
6.816913122765472233e-01 2.862152633751412489e-01 -6.733333333333332282e-01
-3.041484135977851055e-01 -6.602898086407509304e-01 -6.866666666666667584e-01
-2.178363544418157327e-01 6.801083168757017239e-01 -6.999999999999998446e-01
6.084694349952500803e-01 -3.477362538363185096e-01 -7.133333333333334858e-01
-6.700650347419290220e-01 -1.515533067004912193e-01 -7.266666666666666829e-01
3.835111301753086344e-01 5.525569771812293141e-01 -7.399999999999998801e-01
8.844468431086764670e-02 -6.516643512622428691e-01 -7.533333333333332993e-01
-4.934253452824017838e-01 4.107963617842357862e-01 -7.666666666666667185e-01
6.250778577308053752e-01 2.962552572811352411e-02 -7.799999999999999156e-01
-4.289292574511034406e-01 -4.320207336745163218e-01 -7.933333333333333348e-01
2.373906725086978586e-02 5.905297160812041923e-01 -8.066666666666666430e-01
3.693617096418527201e-01 -4.372321207899158568e-01 -8.200000000000000622e-01
-5.482687346268427797e-01 7.040561189448135693e-02 -8.333333333333332593e-01
4.349576212315864887e-01 3.065410629721820324e-01 -8.466666666666666785e-01
-1.089960180560578945e-01 -4.985176707479117009e-01 -8.600000000000000977e-01
-2.447324024373199736e-01 4.211827870250002825e-01 -8.733333333333331838e-01
4.413733005430956480e-01 -1.378833992542835285e-01 -8.866666666666668251e-01
-3.945873945449238640e-01 -1.852047193411890946e-01 -9.000000000000000222e-01
1.549410587732222011e-01 3.765839754005141371e-01 -9.133333333333333304e-01
1.293493018433697628e-01 -3.529272545462047717e-01 -9.266666666666667496e-01
-3.029556122640816307e-01 1.569009145852737486e-01 -9.400000000000000577e-01
2.914780298914756984e-01 7.871539649991839138e-02 -9.533333333333334769e-01
-1.371740025600892976e-01 -2.161916940522934094e-01 -9.666666666666665630e-01
-3.488741168952989163e-02 1.959154626506168784e-01 -9.799999999999999822e-01
9.156497783721548323e-02 -7.003387553576442826e-02 -9.933333333333334014e-01
