5.111926900025776793e-02 -1.314793532722126623e-01 9.899999999999999911e-01
-2.180123123631447501e-01 1.075668706343856501e-01 9.699999999999999734e-01
2.998050543638391963e-01 8.727502150040115925e-02 9.499999999999999556e-01
-1.908290608911864528e-01 -3.141405251147771360e-01 9.299999999999999378e-01
-8.063807692371700864e-02 4.066909152538874528e-01 9.100000000000000311e-01
3.675058607818968426e-01 -2.698878327953245226e-01 8.900000000000000133e-01
-4.901682775175331130e-01 -5.324527880943681624e-02 8.699999999999999956e-01
3.477342976906270255e-01 3.957029924193224413e-01 8.499999999999999778e-01
1.152524616514540370e-02 -5.576443030291199365e-01 8.299999999999999600e-01
-4.049782474041697111e-01 4.241375002631187496e-01 8.100000000000000533e-01
6.117364596974723678e-01 -4.096954816449283748e-02 7.900000000000000355e-01
-4.982222723946658771e-01 -3.985907265477902084e-01 7.700000000000000178e-01
1.017273561448722441e-01 6.535683170195556446e-01 7.500000000000000000e-01
3.786626919187372486e-01 -5.689591951527415148e-01 7.299999999999999822e-01
-6.836905155142393165e-01 1.687224910789126009e-01 7.099999999999999645e-01
6.353128721841595494e-01 3.468105454525766684e-01 6.899999999999999467e-01
-2.401953041683510259e-01 -7.024287977122475324e-01 6.699999999999999289e-01
-3.044106415875557636e-01 6.963003384231927217e-01 6.500000000000000222e-01
7.100401200560407800e-01 -3.145521068293823941e-01 6.300000000000000044e-01
-7.510191986465433178e-01 -2.527254701534931147e-01 6.099999999999999867e-01
3.903168029183746723e-01 7.067904875983962443e-01 5.900000000000000799e-01
1.929673257768164951e-01 -7.986636408291940548e-01 5.700000000000000622e-01
-6.929961224862504210e-01 4.661076852177206131e-01 5.500000000000000444e-01
8.385347736332341428e-01 1.263306511020211298e-01 5.300000000000001377e-01
-5.406275218563376672e-01 -6.690455011518088302e-01 5.099999999999998979e-01
-5.400728786930124314e-02 8.700478221666912981e-01 4.899999999999999911e-01
6.354104638667000815e-01 -6.126610338586133686e-01 4.699999999999999178e-01
-8.927372427715722925e-01 2.280823028230634375e-02 4.500000000000000111e-01
6.810765777758166495e-01 5.926505675397448769e-01 4.300000000000001044e-01
-1.029194819353137502e-01 -9.062602166255377956e-01 4.099999999999999201e-01
-5.414129578347707250e-01 7.448301880889391935e-01 3.900000000000000688e-01
9.103987243700506493e-01 -1.851328243866671441e-01 3.699999999999999400e-01
-8.029708444782797105e-01 -4.824290858953659278e-01 3.500000000000000333e-01
2.682645481122121756e-01 9.050602920392379902e-01 3.299999999999999600e-01
4.165090921831924309e-01 -8.546462286400923203e-01 3.099999999999999978e-01
-8.902774520632430466e-01 3.511496238753215593e-01 2.900000000000000910e-01
8.991084725398230670e-01 3.445344026466822807e-01 2.699999999999999067e-01
-4.326514264298866874e-01 -8.662059473405757659e-01 2.500000000000000000e-01
-2.674489242714672144e-01 9.357195482119815555e-01 2.300000000000000100e-01
8.331217054589008519e-01 -5.116719885759355435e-01 2.100000000000000477e-01
-9.639560466907317604e-01 -1.862491343560439827e-01 1.900000000000000300e-01
5.871624469493516019e-01 7.914166165127252128e-01 1.700000000000000400e-01
1.019733022706562769e-01 -9.834131612013423673e-01 1.499999999999999667e-01
-7.415931578618824016e-01 6.581334121684151439e-01 1.300000000000000877e-01
9.938077391430312213e-01 1.569004841983145243e-02 1.100000000000000006e-01
-7.236650454512459918e-01 -6.842579206644568979e-01 8.999999999999994116e-02
7.151357622772362699e-02 9.949803055413316555e-01 6.999999999999989564e-02
6.201141050986809233e-01 -7.829166600971408929e-01 5.000000000000011380e-02
-9.868959916965007739e-01 1.585443205333452454e-01 3.000000000000003705e-02
8.351356944453082187e-01 5.499530633275468983e-01 1.000000000000009215e-02
-2.443151134791331225e-01 -9.696443292907344080e-01 -9.999999999999968983e-03
-4.746449812041096949e-01 8.796659262570935001e-01 -3.000000000000013767e-02
9.434378939075254156e-01 -3.277574413180159851e-01 -4.999999999999998890e-02
-9.159548189283411856e-01 -3.951288013824729162e-01 -6.999999999999999278e-02
4.078335742159257538e-01 9.086098038994863124e-01 -9.000000000000003830e-02
3.124015019340570243e-01 -9.435599088501722687e-01 -1.100000000000000977e-01
-8.656101016658831471e-01 4.835485000431491431e-01 -1.299999999999999767e-01
9.621541614984265856e-01 2.275068559653969091e-01 -1.499999999999998557e-01
-5.539614277198952053e-01 -8.150010653971780927e-01 -1.699999999999999012e-01
-1.415238094338905905e-01 9.715302421249273346e-01 -1.899999999999998912e-01
7.574515209664853810e-01 -6.181967270906228995e-01 -2.099999999999999090e-01
-9.716036658148601290e-01 -5.555462694614626135e-02 -2.299999999999998990e-01
6.754541765832325906e-01 6.937302468079845630e-01 -2.500000000000001110e-01
-2.928703026895100245e-02 -9.624148117407719250e-01 -2.700000000000000178e-01
-6.246985905883380985e-01 7.250183935024986370e-01 -2.899999999999999800e-01
9.441298083805186314e-01 -1.118879123380409207e-01 -3.100000000000001088e-01
-7.662673239815829263e-01 -5.513024471178264996e-01 -3.300000000000000711e-01
1.911466694864469296e-01 9.170403212205223697e-01 -3.500000000000001443e-01
4.745637851863374612e-01 -7.986796690724109471e-01 -3.699999999999999956e-01
-8.815623034550670312e-01 2.659847836380804242e-01 -3.899999999999999578e-01
8.218411180148296191e-01 3.955719615191842231e-01 -4.099999999999998090e-01
-3.353566565586284520e-01 -8.382338056305161933e-01 -4.299999999999999933e-01
-3.154751305787447668e-01 8.354492456076095808e-01 -4.500000000000001221e-01
7.877119856622473160e-01 -3.982584934989327752e-01 -4.700000000000000289e-01
-8.393169011848817807e-01 -2.354721626549670099e-01 -4.900000000000001021e-01
4.537355016685835074e-01 7.307695221652029671e-01 -5.099999999999998979e-01
1.568056427258039953e-01 -8.333738599268323277e-01 -5.300000000000000266e-01
-6.682907219195909354e-01 5.008867247154710212e-01 -5.499999999999999334e-01
8.176664003793417956e-01 8.075678108177671011e-02 -5.699999999999998401e-01
-5.388664944615998431e-01 -6.012677449744553426e-01 -5.899999999999998579e-01
-8.643503754674123837e-03 7.923542704137099824e-01 -6.100000000000000977e-01
5.307975826558847254e-01 -5.668808748288032273e-01 -6.299999999999998934e-01
-7.577041149501115846e-01 5.817623387318905659e-02 -6.500000000000000222e-01
5.841763412129505895e-01 4.580807814862469241e-01 -6.699999999999998179e-01
-1.182924156223473661e-01 -7.140776599265866720e-01 -6.899999999999998357e-01
-3.844235481240681485e-01 5.900157079669169358e-01 -7.099999999999999645e-01
6.619113020353829535e-01 -1.702158283997820820e-01 -7.299999999999998712e-01
-5.836316155506555692e-01 -3.112461041197653322e-01 -7.500000000000000000e-01
2.123232154311557318e-01 6.016800247548317326e-01 -7.700000000000001288e-01
2.401027292396618329e-01 -5.641371104719716811e-01 -7.900000000000000355e-01
-5.338292823629371409e-01 2.427473939960454186e-01 -8.100000000000001643e-01
5.303452869215479204e-01 1.727248581996833343e-01 -8.300000000000001821e-01
-2.591454956658658104e-01 -4.586323277703965307e-01 -8.500000000000001998e-01
-1.111142446606320916e-01 4.803682177595608449e-01 -8.700000000000002176e-01
3.758424535316572945e-01 -2.581519903531720450e-01 -8.899999999999999023e-01
-4.105647115343621922e-01 -5.776346286975997391e-02 -9.099999999999999201e-01
2.337927972142320454e-01 2.836210993045915063e-01 -9.300000000000000488e-01
1.630382860848929652e-02 -3.118239650390987050e-01 -9.499999999999999556e-01
-1.733507922675180946e-01 1.704391469710636875e-01 -9.699999999999999734e-01
1.409794791771881439e-01 -4.978599293854945804e-03 -9.899999999999999911e-01
